
12 72
12 71
12 70
12 69
12 68
12 67
12 66
12 65
12 64
12 63
12 62
12 61
12 60
12 59
12 58
12 57
12 56
12 55
12 54
12 53
12 52
12 51
12 50
12 49
12 48
12 47
12 46
13 46
14 46
15 46
15 45
15 44
15 43
15 42
15 41
15 40
15 39
15 38
15 37
15 36
15 35
15 34
16 34
17 34
18 34
18 33
18 32
18 31
18 30
18 29
18 28
18 27
18 26
18 25
18 24
18 23
18 22
18 21
18 20
19 20
20 20
21 20
22 20
23 20
24 20
25 20
26 20
27 20
28 20
29 20
30 20
31 20
32 20
33 20
34 20
35 20
36 20
37 20
38 20
39 20
39 21
39 22
39 23
39 24
40 24
41 24
42 24
43 24
44 24
45 24
46 24
47 24
48 24
49 24
50 24
51 24
52 24
53 24
54 24
55 24
56 24
57 24
58 24
59 24
60 24