11
105
12 72
12 71
12 70
12 69
12 68
12 67
12 66
12 65
12 64
12 63
12 62
12 61
12 60
12 59
12 58
12 57
12 56
12 55
12 54
12 53
12 52
12 51
12 50
12 49
12 48
12 47
12 46
12 45
12 44
12 43
12 42
12 41
12 40
12 39
12 38
12 37
12 36
12 35
12 34
12 33
12 32
12 31
12 30
12 29
12 28
12 27
12 26
12 25
12 24
12 23
12 22
12 21
12 20
13 20
14 20
15 20
16 20
17 20
18 20
19 20
20 20
21 20
22 20
23 20
24 20
25 20
26 20
27 20
28 20
29 20
30 20
31 20
32 20
33 20
34 20
35 20
36 20
37 20
38 20
39 20
40 20
41 20
42 20
43 20
44 20
45 20
46 20
47 20
48 20
49 20
50 20
51 20
52 20
53 20
54 20
55 20
56 20
57 20
58 20
58 21
58 22
58 23
58 24
59 24
60 24
97
12 72
12 71
12 70
12 69
12 68
12 67
12 66
12 65
12 64
12 63
12 62
12 61
12 60
12 59
12 58
12 57
12 56
12 55
12 54
12 53
12 52
12 51
12 50
12 49
12 48
12 47
12 46
12 45
12 44
12 43
12 42
12 41
12 40
12 39
12 38
12 37
12 36
12 35
12 34
13 34
14 34
15 34
16 34
17 34
18 34
19 34
20 34
21 34
22 34
23 34
24 34
24 33
24 32
24 31
24 30
24 29
24 28
24 27
24 26
24 25
24 24
25 24
26 24
27 24
28 24
29 24
30 24
31 24
32 24
33 24
34 24
35 24
36 24
37 24
38 24
39 24
40 24
41 24
42 24
43 24
44 24
45 24
46 24
47 24
48 24
49 24
50 24
51 24
52 24
53 24
54 24
55 24
56 24
57 24
58 24
59 24
60 24
111
12 72
12 71
12 70
12 69
12 68
12 67
12 66
12 65
12 64
12 63
12 62
12 61
12 60
12 59
12 58
12 57
12 56
13 56
14 56
15 56
16 56
17 56
18 56
18 55
18 54
18 53
18 52
18 51
18 50
18 49
18 48
18 47
18 46
17 46
16 46
15 46
15 45
15 44
15 43
15 42
15 41
15 40
15 39
15 38
15 37
15 36
15 35
15 34
15 33
15 32
15 31
15 30
15 29
15 28
15 27
15 26
15 25
15 24
15 23
15 22
15 21
15 20
16 20
17 20
18 20
19 20
20 20
21 20
22 20
23 20
24 20
25 20
26 20
27 20
28 20
29 20
30 20
31 20
32 20
33 20
34 20
35 20
36 20
37 20
38 20
39 20
40 20
41 20
42 20
43 20
44 20
45 20
46 20
47 20
48 20
49 20
50 20
51 20
52 20
53 20
54 20
55 20
56 20
57 20
58 20
58 21
58 22
58 23
58 24
59 24
60 24
117
12 72
12 71
12 70
12 69
12 68
11 68
10 68
9 68
8 68
7 68
6 68
6 67
6 66
6 65
6 64
6 63
6 62
6 61
6 60
6 59
6 58
6 57
6 56
6 55
6 54
6 53
6 52
6 51
6 50
6 49
6 48
6 47
6 46
7 46
8 46
9 46
10 46
11 46
12 46
12 45
12 44
12 43
12 42
12 41
12 40
12 39
12 38
12 37
12 36
12 35
12 34
12 33
12 32
12 31
12 30
12 29
12 28
12 27
12 26
12 25
12 24
12 23
12 22
12 21
12 20
13 20
14 20
15 20
16 20
17 20
18 20
19 20
20 20
21 20
22 20
23 20
24 20
25 20
26 20
27 20
28 20
29 20
30 20
31 20
32 20
33 20
34 20
35 20
36 20
37 20
38 20
39 20
40 20
41 20
42 20
43 20
44 20
45 20
46 20
47 20
48 20
49 20
50 20
51 20
52 20
53 20
54 20
55 20
56 20
57 20
58 20
58 21
58 22
58 23
58 24
59 24
60 24
111
12 72
12 71
12 70
12 69
12 68
13 68
14 68
15 68
15 67
15 66
15 65
15 64
15 63
15 62
15 61
15 60
15 59
15 58
15 57
15 56
16 56
17 56
18 56
18 55
18 54
18 53
18 52
18 51
18 50
18 49
18 48
18 47
18 46
17 46
16 46
15 46
15 45
15 44
15 43
15 42
15 41
15 40
15 39
15 38
15 37
15 36
15 35
15 34
15 33
15 32
15 31
15 30
15 29
15 28
15 27
15 26
15 25
15 24
15 23
15 22
15 21
15 20
16 20
17 20
18 20
19 20
20 20
21 20
22 20
23 20
24 20
25 20
26 20
27 20
28 20
29 20
30 20
31 20
32 20
33 20
34 20
35 20
36 20
37 20
38 20
39 20
40 20
41 20
42 20
43 20
44 20
45 20
46 20
47 20
48 20
49 20
50 20
51 20
52 20
53 20
54 20
55 20
56 20
57 20
58 20
58 21
58 22
58 23
58 24
59 24
60 24
111
12 72
13 72
14 72
15 72
15 71
15 70
15 69
15 68
15 67
15 66
15 65
15 64
15 63
15 62
15 61
15 60
15 59
15 58
15 57
15 56
16 56
17 56
18 56
18 55
18 54
18 53
18 52
18 51
18 50
18 49
18 48
18 47
18 46
17 46
16 46
15 46
15 45
15 44
15 43
15 42
15 41
15 40
15 39
15 38
15 37
15 36
15 35
15 34
15 33
15 32
15 31
15 30
15 29
15 28
15 27
15 26
15 25
15 24
15 23
15 22
15 21
15 20
16 20
17 20
18 20
19 20
20 20
21 20
22 20
23 20
24 20
25 20
26 20
27 20
28 20
29 20
30 20
31 20
32 20
33 20
34 20
35 20
36 20
37 20
38 20
39 20
40 20
41 20
42 20
43 20
44 20
45 20
46 20
47 20
48 20
49 20
50 20
51 20
52 20
53 20
54 20
55 20
56 20
57 20
58 20
58 21
58 22
58 23
58 24
59 24
60 24
101
12 72
13 72
14 72
15 72
16 72
17 72
18 72
19 72
20 72
21 72
22 72
23 72
24 72
25 72
26 72
27 72
28 72
29 72
30 72
31 72
32 72
33 72
34 72
35 72
36 72
37 72
38 72
39 72
40 72
41 72
42 72
43 72
44 72
45 72
46 72
47 72
48 72
49 72
50 72
51 72
52 72
53 72
54 72
55 72
56 72
57 72
58 72
58 71
58 70
58 69
58 68
58 67
58 66
58 65
58 64
58 63
58 62
58 61
58 60
59 60
60 60
60 59
60 58
60 57
60 56
60 55
60 54
60 53
60 52
60 51
60 50
60 49
60 48
60 47
60 46
60 45
60 44
60 43
60 42
60 41
60 40
60 39
60 38
60 37
59 37
58 37
58 36
58 35
58 34
58 33
58 32
58 31
58 30
58 29
58 28
58 27
58 26
58 25
58 24
59 24
60 24
113
12 72
13 72
14 72
15 72
15 73
15 74
15 75
15 76
15 77
15 78
16 78
17 78
18 78
19 78
20 78
21 78
22 78
23 78
24 78
25 78
26 78
27 78
28 78
29 78
30 78
31 78
32 78
33 78
34 78
35 78
36 78
37 78
38 78
39 78
40 78
41 78
42 78
43 78
44 78
45 78
46 78
47 78
48 78
49 78
50 78
51 78
52 78
53 78
54 78
55 78
56 78
57 78
58 78
58 77
58 76
58 75
58 74
58 73
58 72
58 71
58 70
58 69
58 68
58 67
58 66
58 65
58 64
58 63
58 62
58 61
58 60
59 60
60 60
60 59
60 58
60 57
60 56
60 55
60 54
60 53
60 52
60 51
60 50
60 49
60 48
60 47
60 46
60 45
60 44
60 43
60 42
60 41
60 40
60 39
60 38
60 37
59 37
58 37
58 36
58 35
58 34
58 33
58 32
58 31
58 30
58 29
58 28
58 27
58 26
58 25
58 24
59 24
60 24
145
12 72
12 71
12 70
12 69
12 68
11 68
10 68
9 68
8 68
7 68
6 68
6 67
6 66
6 65
6 64
6 63
6 62
6 61
6 60
6 59
6 58
6 57
6 56
6 55
6 54
6 53
6 52
6 51
6 50
6 49
6 48
6 47
6 46
6 45
6 44
6 43
6 42
6 41
6 40
6 39
6 38
6 37
6 36
6 35
6 34
6 33
6 32
6 31
6 30
6 29
6 28
6 27
6 26
6 25
6 24
6 23
6 22
6 21
6 20
6 19
6 18
6 17
6 16
6 15
6 14
6 13
6 12
6 11
6 10
6 9
6 8
6 7
6 6
7 6
8 6
9 6
10 6
11 6
12 6
13 6
14 6
15 6
16 6
17 6
18 6
19 6
20 6
21 6
22 6
23 6
24 6
25 6
26 6
27 6
28 6
29 6
30 6
31 6
32 6
33 6
34 6
35 6
36 6
37 6
38 6
39 6
40 6
41 6
42 6
43 6
44 6
45 6
46 6
47 6
48 6
49 6
50 6
51 6
52 6
53 6
54 6
55 6
56 6
57 6
58 6
58 7
58 8
58 9
58 10
58 11
58 12
58 13
58 14
58 15
58 16
58 17
58 18
58 19
58 20
58 21
58 22
58 23
58 24
59 24
60 24
145
12 72
12 71
12 70
12 69
12 68
12 67
12 66
12 65
12 64
12 63
12 62
12 61
12 60
12 59
12 58
12 57
12 56
11 56
10 56
9 56
8 56
7 56
6 56
6 55
6 54
6 53
6 52
6 51
6 50
6 49
6 48
6 47
6 46
6 45
6 44
6 43
6 42
6 41
6 40
6 39
6 38
6 37
6 36
6 35
6 34
6 33
6 32
6 31
6 30
6 29
6 28
6 27
6 26
6 25
6 24
6 23
6 22
6 21
6 20
6 19
6 18
6 17
6 16
6 15
6 14
6 13
6 12
6 11
6 10
6 9
6 8
6 7
6 6
7 6
8 6
9 6
10 6
11 6
12 6
13 6
14 6
15 6
16 6
17 6
18 6
19 6
20 6
21 6
22 6
23 6
24 6
25 6
26 6
27 6
28 6
29 6
30 6
31 6
32 6
33 6
34 6
35 6
36 6
37 6
38 6
39 6
40 6
41 6
42 6
43 6
44 6
45 6
46 6
47 6
48 6
49 6
50 6
51 6
52 6
53 6
54 6
55 6
56 6
57 6
58 6
58 7
58 8
58 9
58 10
58 11
58 12
58 13
58 14
58 15
58 16
58 17
58 18
58 19
58 20
58 21
58 22
58 23
58 24
59 24
60 24
145
12 72
13 72
14 72
15 72
15 73
15 74
15 75
15 76
15 77
15 78
16 78
17 78
18 78
19 78
20 78
21 78
22 78
23 78
24 78
25 78
26 78
27 78
28 78
29 78
30 78
31 78
32 78
33 78
34 78
35 78
36 78
37 78
38 78
39 78
40 78
41 78
42 78
43 78
44 78
45 78
46 78
47 78
48 78
49 78
50 78
51 78
52 78
53 78
54 78
55 78
56 78
57 78
58 78
59 78
60 78
61 78
62 78
63 78
64 78
65 78
66 78
67 78
68 78
69 78
70 78
71 78
72 78
73 78
74 78
75 78
76 78
77 78
78 78
78 77
78 76
78 75
78 74
78 73
78 72
78 71
78 70
78 69
78 68
78 67
78 66
78 65
78 64
78 63
78 62
78 61
78 60
78 59
78 58
78 57
78 56
78 55
78 54
78 53
78 52
78 51
78 50
78 49
78 48
78 47
78 46
77 46
76 46
75 46
74 46
73 46
72 46
72 45
72 44
72 43
72 42
72 41
72 40
72 39
72 38
72 37
71 37
70 37
69 37
68 37
67 37
66 37
65 37
64 37
63 37
62 37
61 37
60 37
60 36
60 35
60 34
60 33
60 32
60 31
60 30
60 29
60 28
60 27
60 26
60 25
60 24
