7
61
5 35
6 35
7 35
8 35
9 35
10 35
11 35
12 35
13 35
14 35
15 35
16 35
17 35
18 35
19 35
20 35
21 35
22 35
23 35
24 35
25 35
26 35
27 35
28 35
29 35
30 35
31 35
32 35
33 35
34 35
35 35
35 34
35 33
35 32
35 31
35 30
35 29
35 28
35 27
35 26
35 25
35 24
35 23
35 22
34 22
33 22
32 22
31 22
30 22
30 21
30 20
30 19
30 18
30 17
30 16
30 15
29 15
28 15
27 15
26 15
25 15
47
5 35
5 34
5 33
5 32
5 31
5 30
5 29
5 28
5 27
5 26
5 25
5 24
5 23
5 22
5 21
5 20
5 19
5 18
5 17
5 16
5 15
5 14
5 13
5 12
6 12
7 12
8 12
9 12
10 12
11 12
12 12
13 12
14 12
15 12
16 12
17 12
17 13
17 14
17 15
18 15
19 15
20 15
21 15
22 15
23 15
24 15
25 15
41
5 35
5 34
5 33
5 32
5 31
5 30
5 29
5 28
5 27
5 26
5 25
5 24
5 23
5 22
5 21
5 20
5 19
5 18
6 18
7 18
8 18
9 18
10 18
11 18
12 18
13 18
14 18
15 18
15 17
15 16
15 15
16 15
17 15
18 15
19 15
20 15
21 15
22 15
23 15
24 15
25 15
67
5 35
6 35
7 35
8 35
9 35
10 35
11 35
12 35
13 35
14 35
15 35
16 35
17 35
18 35
19 35
20 35
21 35
22 35
23 35
24 35
25 35
26 35
27 35
28 35
29 35
30 35
31 35
32 35
33 35
34 35
35 35
35 34
35 33
35 32
35 31
35 30
35 29
35 28
35 27
35 26
35 25
35 24
35 23
35 22
35 21
35 20
35 19
35 18
35 17
35 16
35 15
35 14
35 13
35 12
34 12
33 12
32 12
31 12
30 12
30 13
30 14
30 15
29 15
28 15
27 15
26 15
25 15
61
5 35
5 34
5 33
5 32
5 31
5 30
5 29
5 28
5 27
5 26
5 25
5 24
5 23
5 22
5 21
5 20
5 19
5 18
5 17
5 16
5 15
5 14
5 13
5 12
5 11
5 10
5 9
5 8
5 7
5 6
5 5
6 5
7 5
8 5
9 5
10 5
11 5
12 5
13 5
14 5
15 5
16 5
17 5
18 5
19 5
20 5
21 5
22 5
22 6
22 7
22 8
22 9
22 10
22 11
22 12
22 13
22 14
22 15
23 15
24 15
25 15
71
5 35
5 34
5 33
5 32
5 31
5 30
5 29
5 28
5 27
5 26
5 25
5 24
5 23
5 22
5 21
5 20
5 19
5 18
5 17
5 16
5 15
5 14
5 13
5 12
5 11
5 10
5 9
5 8
5 7
5 6
5 5
6 5
7 5
8 5
9 5
10 5
11 5
12 5
13 5
14 5
15 5
16 5
17 5
18 5
19 5
20 5
21 5
22 5
22 6
22 7
22 8
22 9
22 10
23 10
24 10
25 10
26 10
27 10
28 10
29 10
30 10
30 11
30 12
30 13
30 14
30 15
29 15
28 15
27 15
26 15
25 15
81
5 35
5 34
5 33
5 32
5 31
5 30
5 29
5 28
5 27
5 26
5 25
5 24
5 23
5 22
5 21
5 20
5 19
5 18
5 17
5 16
5 15
5 14
5 13
5 12
5 11
5 10
5 9
5 8
5 7
5 6
5 5
6 5
7 5
8 5
9 5
10 5
11 5
12 5
13 5
14 5
15 5
16 5
17 5
18 5
19 5
20 5
21 5
22 5
23 5
24 5
25 5
26 5
27 5
28 5
29 5
30 5
31 5
32 5
33 5
34 5
35 5
35 6
35 7
35 8
35 9
35 10
35 11
35 12
34 12
33 12
32 12
31 12
30 12
30 13
30 14
30 15
29 15
28 15
27 15
26 15
25 15
