4
41
10 30
11 30
12 30
12 29
12 28
12 27
12 26
12 25
12 24
12 23
12 22
12 21
12 20
12 19
12 18
12 17
12 16
12 15
12 14
12 13
12 12
12 11
12 10
13 10
14 10
15 10
16 10
17 10
18 10
19 10
20 10
21 10
21 11
21 12
21 13
21 14
21 15
22 15
23 15
24 15
25 15
41
10 30
10 29
10 28
10 27
10 26
10 25
10 24
10 23
10 22
10 21
10 20
10 19
10 18
10 17
11 17
12 17
12 16
12 15
12 14
12 13
12 12
12 11
12 10
13 10
14 10
15 10
16 10
17 10
18 10
19 10
20 10
21 10
21 11
21 12
21 13
21 14
21 15
22 15
23 15
24 15
25 15
41
10 30
10 29
10 28
10 27
10 26
10 25
10 24
10 23
10 22
10 21
10 20
10 19
10 18
10 17
10 16
10 15
10 14
10 13
10 12
10 11
10 10
11 10
12 10
13 10
14 10
15 10
16 10
17 10
18 10
19 10
20 10
21 10
21 11
21 12
21 13
21 14
21 15
22 15
23 15
24 15
25 15
51
10 30
10 29
10 28
10 27
10 26
10 25
9 25
8 25
7 25
6 25
5 25
5 24
5 23
5 22
5 21
5 20
5 19
5 18
5 17
5 16
5 15
5 14
5 13
6 13
7 13
8 13
9 13
10 13
10 12
10 11
10 10
11 10
12 10
13 10
14 10
15 10
16 10
17 10
18 10
19 10
20 10
21 10
21 11
21 12
21 13
21 14
21 15
22 15
23 15
24 15
25 15
