14
51
10 40
11 40
12 40
13 40
14 40
15 40
16 40
17 40
18 40
19 40
20 40
21 40
22 40
23 40
24 40
25 40
26 40
27 40
28 40
29 40
30 40
31 40
32 40
32 39
32 38
32 37
32 36
32 35
32 34
32 33
32 32
32 31
32 30
32 29
32 28
32 27
32 26
32 25
32 24
32 23
32 22
32 21
32 20
32 19
32 18
32 17
32 16
32 15
33 15
34 15
35 15
51
10 40
11 40
12 40
13 40
14 40
15 40
16 40
17 40
18 40
19 40
20 40
21 40
22 40
23 40
24 40
25 40
26 40
27 40
28 40
29 40
30 40
31 40
32 40
32 39
32 38
32 37
32 36
32 35
32 34
32 33
32 32
32 31
32 30
32 29
32 28
32 27
33 27
34 27
35 27
35 26
35 25
35 24
35 23
35 22
35 21
35 20
35 19
35 18
35 17
35 16
35 15
51
10 40
11 40
12 40
13 40
14 40
15 40
16 40
17 40
18 40
19 40
20 40
21 40
22 40
23 40
24 40
25 40
26 40
27 40
28 40
29 40
30 40
31 40
32 40
32 39
32 38
32 37
32 36
32 35
33 35
34 35
35 35
35 34
35 33
35 32
35 31
35 30
35 29
35 28
35 27
35 26
35 25
35 24
35 23
35 22
35 21
35 20
35 19
35 18
35 17
35 16
35 15
61
10 40
11 40
12 40
13 40
14 40
15 40
16 40
17 40
18 40
19 40
20 40
21 40
22 40
23 40
24 40
25 40
26 40
27 40
28 40
29 40
30 40
31 40
32 40
33 40
34 40
35 40
36 40
37 40
38 40
39 40
40 40
40 39
40 38
40 37
40 36
40 35
40 34
40 33
40 32
40 31
40 30
40 29
40 28
40 27
40 26
40 25
40 24
40 23
40 22
39 22
38 22
37 22
36 22
35 22
35 21
35 20
35 19
35 18
35 17
35 16
35 15
81
10 40
9 40
8 40
7 40
6 40
5 40
5 39
5 38
5 37
5 36
5 35
5 34
5 33
5 32
5 31
5 30
5 29
5 28
5 27
5 26
5 25
5 24
5 23
5 22
5 21
5 20
5 19
5 18
5 17
5 16
5 15
5 14
5 13
5 12
5 11
5 10
5 9
5 8
5 7
5 6
5 5
6 5
7 5
8 5
9 5
10 5
11 5
12 5
13 5
14 5
15 5
16 5
17 5
18 5
19 5
20 5
21 5
22 5
23 5
24 5
25 5
26 5
27 5
28 5
29 5
30 5
31 5
32 5
32 6
32 7
32 8
32 9
32 10
32 11
32 12
32 13
32 14
32 15
33 15
34 15
35 15
55
10 40
11 40
12 40
13 40
14 40
15 40
16 40
17 40
17 41
17 42
18 42
19 42
20 42
21 42
22 42
23 42
24 42
25 42
26 42
27 42
28 42
29 42
30 42
31 42
32 42
32 41
32 40
32 39
32 38
32 37
32 36
32 35
32 34
32 33
32 32
32 31
32 30
32 29
32 28
32 27
32 26
32 25
32 24
32 23
32 22
32 21
32 20
32 19
32 18
32 17
32 16
32 15
33 15
34 15
35 15
55
10 40
11 40
12 40
13 40
14 40
15 40
16 40
17 40
17 41
17 42
18 42
19 42
20 42
21 42
22 42
23 42
24 42
25 42
26 42
27 42
28 42
29 42
30 42
31 42
32 42
32 41
32 40
32 39
32 38
32 37
32 36
32 35
32 34
32 33
32 32
32 31
32 30
32 29
32 28
32 27
33 27
34 27
35 27
35 26
35 25
35 24
35 23
35 22
35 21
35 20
35 19
35 18
35 17
35 16
35 15
71
10 40
9 40
8 40
7 40
6 40
5 40
5 39
5 38
5 37
5 36
5 35
5 34
5 33
5 32
5 31
5 30
5 29
5 28
5 27
5 26
5 25
5 24
5 23
5 22
6 22
7 22
8 22
9 22
10 22
10 21
10 20
10 19
10 18
10 17
10 16
10 15
10 14
10 13
10 12
10 11
10 10
11 10
12 10
13 10
14 10
15 10
16 10
17 10
18 10
19 10
20 10
21 10
22 10
23 10
24 10
25 10
26 10
27 10
28 10
29 10
30 10
31 10
32 10
32 11
32 12
32 13
32 14
32 15
33 15
34 15
35 15
71
10 40
9 40
8 40
7 40
6 40
5 40
5 39
5 38
5 37
5 36
5 35
5 34
5 33
5 32
5 31
5 30
5 29
5 28
5 27
5 26
5 25
5 24
5 23
5 22
6 22
7 22
8 22
9 22
10 22
10 21
10 20
10 19
10 18
10 17
10 16
10 15
10 14
10 13
10 12
10 11
10 10
11 10
12 10
13 10
14 10
15 10
16 10
17 10
17 11
17 12
17 13
17 14
17 15
18 15
19 15
20 15
21 15
22 15
23 15
24 15
25 15
26 15
27 15
28 15
29 15
30 15
31 15
32 15
33 15
34 15
35 15
61
10 40
9 40
8 40
7 40
6 40
5 40
5 39
5 38
5 37
5 36
5 35
5 34
5 33
5 32
5 31
5 30
5 29
5 28
5 27
5 26
5 25
5 24
5 23
5 22
6 22
7 22
8 22
9 22
10 22
11 22
12 22
13 22
14 22
15 22
15 21
15 20
15 19
15 18
15 17
15 16
15 15
16 15
17 15
18 15
19 15
20 15
21 15
22 15
23 15
24 15
25 15
26 15
27 15
28 15
29 15
30 15
31 15
32 15
33 15
34 15
35 15
65
10 40
11 40
12 40
13 40
14 40
15 40
16 40
17 40
17 41
17 42
18 42
19 42
20 42
21 42
22 42
23 42
24 42
25 42
26 42
27 42
28 42
29 42
30 42
31 42
32 42
32 41
32 40
33 40
34 40
35 40
36 40
37 40
38 40
39 40
40 40
40 39
40 38
40 37
40 36
40 35
40 34
40 33
40 32
40 31
40 30
40 29
40 28
40 27
40 26
40 25
40 24
40 23
40 22
39 22
38 22
37 22
36 22
35 22
35 21
35 20
35 19
35 18
35 17
35 16
35 15
81
10 40
11 40
12 40
13 40
14 40
15 40
16 40
17 40
17 41
17 42
18 42
19 42
20 42
21 42
22 42
23 42
24 42
25 42
26 42
27 42
28 42
29 42
30 42
31 42
32 42
32 41
32 40
33 40
34 40
35 40
36 40
37 40
38 40
39 40
40 40
40 39
40 38
40 37
40 36
40 35
40 34
40 33
40 32
40 31
40 30
40 29
40 28
40 27
40 26
40 25
40 24
40 23
40 22
40 21
40 20
40 19
40 18
40 17
40 16
40 15
40 14
40 13
40 12
40 11
40 10
39 10
38 10
37 10
36 10
35 10
34 10
33 10
32 10
32 11
32 12
32 13
32 14
32 15
33 15
34 15
35 15
97
10 40
11 40
12 40
13 40
14 40
15 40
16 40
17 40
17 41
17 42
17 43
17 44
17 45
18 45
19 45
20 45
21 45
22 45
23 45
24 45
25 45
26 45
27 45
28 45
29 45
30 45
31 45
32 45
33 45
34 45
35 45
36 45
37 45
38 45
39 45
40 45
41 45
42 45
43 45
44 45
45 45
45 44
45 43
45 42
45 41
45 40
45 39
45 38
45 37
45 36
45 35
45 34
45 33
45 32
45 31
45 30
45 29
45 28
45 27
45 26
45 25
45 24
45 23
45 22
44 22
43 22
42 22
41 22
40 22
40 21
40 20
40 19
40 18
40 17
40 16
40 15
40 14
40 13
40 12
40 11
40 10
39 10
38 10
37 10
36 10
35 10
34 10
33 10
32 10
32 11
32 12
32 13
32 14
32 15
33 15
34 15
35 15
107
10 40
11 40
12 40
13 40
14 40
15 40
16 40
17 40
17 41
17 42
17 43
17 44
17 45
18 45
19 45
20 45
21 45
22 45
23 45
24 45
25 45
26 45
27 45
28 45
29 45
30 45
31 45
32 45
33 45
34 45
35 45
36 45
37 45
38 45
39 45
40 45
41 45
42 45
43 45
44 45
45 45
45 44
45 43
45 42
45 41
45 40
45 39
45 38
45 37
45 36
45 35
45 34
45 33
45 32
45 31
45 30
45 29
45 28
45 27
45 26
45 25
45 24
45 23
45 22
45 21
45 20
45 19
45 18
45 17
45 16
45 15
45 14
45 13
45 12
45 11
45 10
45 9
45 8
45 7
45 6
45 5
44 5
43 5
42 5
41 5
40 5
39 5
38 5
37 5
36 5
35 5
34 5
33 5
32 5
32 6
32 7
32 8
32 9
32 10
32 11
32 12
32 13
32 14
32 15
33 15
34 15
35 15
