11
51
5 35
5 34
5 33
5 32
5 31
5 30
5 29
5 28
5 27
5 26
5 25
5 24
5 23
5 22
5 21
5 20
5 19
5 18
6 18
7 18
8 18
9 18
10 18
10 17
10 16
10 15
10 14
10 13
10 12
10 11
10 10
11 10
12 10
13 10
14 10
15 10
16 10
17 10
18 10
19 10
20 10
21 10
22 10
22 11
22 12
22 13
22 14
22 15
23 15
24 15
25 15
51
5 35
5 34
5 33
5 32
5 31
5 30
5 29
5 28
5 27
5 26
5 25
5 24
5 23
5 22
5 21
5 20
5 19
5 18
6 18
7 18
8 18
9 18
10 18
10 17
10 16
10 15
10 14
10 13
10 12
10 11
10 10
11 10
12 10
13 10
14 10
15 10
16 10
17 10
17 11
17 12
18 12
19 12
20 12
21 12
22 12
22 13
22 14
22 15
23 15
24 15
25 15
51
5 35
5 34
5 33
5 32
5 31
5 30
6 30
7 30
8 30
9 30
10 30
10 29
10 28
10 27
10 26
10 25
10 24
10 23
10 22
10 21
10 20
10 19
10 18
10 17
10 16
10 15
10 14
10 13
10 12
10 11
10 10
11 10
12 10
13 10
14 10
15 10
16 10
17 10
18 10
19 10
20 10
21 10
22 10
22 11
22 12
22 13
22 14
22 15
23 15
24 15
25 15
51
5 35
5 34
5 33
5 32
5 31
5 30
6 30
7 30
8 30
9 30
10 30
10 29
10 28
10 27
10 26
10 25
10 24
10 23
10 22
10 21
10 20
10 19
10 18
10 17
10 16
10 15
10 14
10 13
10 12
10 11
10 10
11 10
12 10
13 10
14 10
15 10
16 10
17 10
17 11
17 12
18 12
19 12
20 12
21 12
22 12
22 13
22 14
22 15
23 15
24 15
25 15
59
5 35
5 34
5 33
5 32
5 31
5 30
6 30
7 30
8 30
9 30
10 30
10 29
10 28
10 27
10 26
10 25
10 24
10 23
10 22
10 21
10 20
10 19
10 18
11 18
12 18
13 18
14 18
15 18
15 19
15 20
15 21
15 22
16 22
17 22
17 21
17 20
17 19
17 18
17 17
17 16
17 15
17 14
17 13
17 12
17 11
17 10
18 10
19 10
20 10
21 10
22 10
22 11
22 12
22 13
22 14
22 15
23 15
24 15
25 15
65
5 35
5 34
5 33
5 32
6 32
7 32
8 32
9 32
10 32
11 32
12 32
13 32
14 32
15 32
16 32
17 32
17 31
17 30
17 29
17 28
17 27
17 26
17 25
16 25
15 25
15 24
15 23
15 22
14 22
13 22
12 22
11 22
10 22
10 21
10 20
10 19
10 18
10 17
10 16
10 15
10 14
10 13
10 12
10 11
10 10
11 10
12 10
13 10
14 10
15 10
16 10
17 10
17 11
17 12
18 12
19 12
20 12
21 12
22 12
22 13
22 14
22 15
23 15
24 15
25 15
65
5 35
5 34
5 33
5 32
6 32
7 32
8 32
9 32
10 32
11 32
12 32
13 32
14 32
15 32
16 32
17 32
17 31
17 30
17 29
17 28
17 27
17 26
17 25
16 25
15 25
15 24
15 23
15 22
14 22
13 22
12 22
11 22
10 22
10 21
10 20
10 19
10 18
10 17
10 16
10 15
10 14
10 13
10 12
10 11
10 10
11 10
12 10
13 10
14 10
15 10
16 10
17 10
18 10
19 10
20 10
21 10
22 10
22 11
22 12
22 13
22 14
22 15
23 15
24 15
25 15
65
5 35
5 34
5 33
5 32
6 32
7 32
8 32
9 32
10 32
11 32
12 32
13 32
14 32
15 32
16 32
17 32
17 31
17 30
17 29
17 28
17 27
17 26
17 25
16 25
15 25
15 24
15 23
15 22
15 21
15 20
15 19
15 18
14 18
13 18
12 18
11 18
10 18
10 17
10 16
10 15
10 14
10 13
10 12
10 11
10 10
11 10
12 10
13 10
14 10
15 10
16 10
17 10
17 11
17 12
18 12
19 12
20 12
21 12
22 12
22 13
22 14
22 15
23 15
24 15
25 15
65
5 35
5 34
5 33
5 32
6 32
7 32
8 32
9 32
10 32
11 32
12 32
13 32
14 32
15 32
16 32
17 32
17 31
17 30
17 29
17 28
17 27
17 26
17 25
16 25
15 25
15 24
15 23
15 22
15 21
15 20
15 19
15 18
14 18
13 18
12 18
11 18
10 18
10 17
10 16
10 15
10 14
10 13
10 12
10 11
10 10
11 10
12 10
13 10
14 10
15 10
16 10
17 10
18 10
19 10
20 10
21 10
22 10
22 11
22 12
22 13
22 14
22 15
23 15
24 15
25 15
65
5 35
6 35
7 35
8 35
9 35
10 35
11 35
12 35
13 35
14 35
15 35
16 35
17 35
17 34
17 33
17 32
17 31
17 30
17 29
17 28
17 27
17 26
17 25
16 25
15 25
15 24
15 23
15 22
14 22
13 22
12 22
11 22
10 22
10 21
10 20
10 19
10 18
10 17
10 16
10 15
10 14
10 13
10 12
10 11
10 10
11 10
12 10
13 10
14 10
15 10
16 10
17 10
18 10
19 10
20 10
21 10
22 10
22 11
22 12
22 13
22 14
22 15
23 15
24 15
25 15
65
5 35
6 35
7 35
8 35
9 35
10 35
11 35
12 35
13 35
14 35
15 35
16 35
17 35
17 34
17 33
17 32
17 31
17 30
17 29
17 28
17 27
17 26
17 25
16 25
15 25
15 24
15 23
15 22
14 22
13 22
12 22
11 22
10 22
10 21
10 20
10 19
10 18
10 17
10 16
10 15
10 14
10 13
10 12
10 11
10 10
11 10
12 10
13 10
14 10
15 10
16 10
17 10
17 11
17 12
18 12
19 12
20 12
21 12
22 12
22 13
22 14
22 15
23 15
24 15
25 15
