16
41
5 35
5 34
5 33
5 32
6 32
7 32
8 32
9 32
10 32
11 32
12 32
13 32
14 32
15 32
16 32
17 32
17 31
17 30
18 30
19 30
20 30
21 30
22 30
22 29
22 28
22 27
22 26
22 25
22 24
22 23
22 22
23 22
24 22
25 22
25 21
25 20
25 19
25 18
25 17
25 16
25 15
41
5 35
5 34
5 33
5 32
6 32
7 32
8 32
9 32
10 32
11 32
12 32
13 32
14 32
15 32
16 32
17 32
17 31
17 30
18 30
19 30
20 30
21 30
22 30
22 29
22 28
22 27
22 26
22 25
23 25
24 25
25 25
25 24
25 23
25 22
25 21
25 20
25 19
25 18
25 17
25 16
25 15
51
5 35
5 34
5 33
5 32
6 32
7 32
8 32
9 32
10 32
11 32
12 32
13 32
14 32
15 32
16 32
17 32
17 31
17 30
18 30
19 30
20 30
21 30
22 30
23 30
24 30
25 30
26 30
27 30
28 30
29 30
30 30
30 29
30 28
30 27
30 26
30 25
30 24
30 23
30 22
30 21
30 20
30 19
30 18
30 17
30 16
30 15
29 15
28 15
27 15
26 15
25 15
41
5 35
5 34
5 33
5 32
6 32
7 32
8 32
9 32
10 32
11 32
12 32
13 32
14 32
15 32
16 32
17 32
18 32
19 32
20 32
21 32
22 32
22 31
22 30
22 29
22 28
22 27
22 26
22 25
22 24
22 23
22 22
23 22
24 22
25 22
25 21
25 20
25 19
25 18
25 17
25 16
25 15
41
5 35
5 34
5 33
5 32
6 32
7 32
8 32
9 32
10 32
11 32
12 32
13 32
14 32
15 32
16 32
17 32
18 32
19 32
20 32
21 32
22 32
22 31
22 30
22 29
22 28
22 27
22 26
22 25
23 25
24 25
25 25
25 24
25 23
25 22
25 21
25 20
25 19
25 18
25 17
25 16
25 15
41
5 35
6 35
7 35
8 35
9 35
10 35
11 35
12 35
13 35
14 35
15 35
16 35
17 35
17 34
17 33
17 32
18 32
19 32
20 32
21 32
22 32
22 31
22 30
22 29
22 28
22 27
22 26
22 25
22 24
22 23
22 22
23 22
24 22
25 22
25 21
25 20
25 19
25 18
25 17
25 16
25 15
41
5 35
6 35
7 35
8 35
9 35
10 35
11 35
12 35
13 35
14 35
15 35
16 35
17 35
17 34
17 33
17 32
18 32
19 32
20 32
21 32
22 32
22 31
22 30
22 29
22 28
22 27
22 26
22 25
23 25
24 25
25 25
25 24
25 23
25 22
25 21
25 20
25 19
25 18
25 17
25 16
25 15
51
5 35
6 35
7 35
8 35
9 35
10 35
11 35
12 35
13 35
14 35
15 35
16 35
17 35
17 34
17 33
17 32
18 32
19 32
20 32
21 32
22 32
22 31
22 30
23 30
24 30
25 30
26 30
27 30
28 30
29 30
30 30
30 29
30 28
30 27
30 26
30 25
30 24
30 23
30 22
30 21
30 20
30 19
30 18
30 17
30 16
30 15
29 15
28 15
27 15
26 15
25 15
41
5 35
6 35
7 35
8 35
9 35
10 35
11 35
12 35
13 35
14 35
15 35
16 35
17 35
18 35
19 35
20 35
21 35
22 35
22 34
22 33
22 32
22 31
22 30
22 29
22 28
22 27
22 26
22 25
22 24
22 23
22 22
23 22
24 22
25 22
25 21
25 20
25 19
25 18
25 17
25 16
25 15
41
5 35
6 35
7 35
8 35
9 35
10 35
11 35
12 35
13 35
14 35
15 35
16 35
17 35
18 35
19 35
20 35
21 35
22 35
22 34
22 33
22 32
22 31
22 30
22 29
22 28
22 27
22 26
22 25
23 25
24 25
25 25
25 24
25 23
25 22
25 21
25 20
25 19
25 18
25 17
25 16
25 15
51
5 35
6 35
7 35
8 35
9 35
10 35
11 35
12 35
13 35
14 35
15 35
16 35
17 35
18 35
19 35
20 35
21 35
22 35
22 34
22 33
22 32
22 31
22 30
23 30
24 30
25 30
26 30
27 30
28 30
29 30
30 30
30 29
30 28
30 27
30 26
30 25
30 24
30 23
30 22
30 21
30 20
30 19
30 18
30 17
30 16
30 15
29 15
28 15
27 15
26 15
25 15
61
5 35
6 35
7 35
8 35
9 35
10 35
11 35
12 35
13 35
14 35
15 35
16 35
17 35
18 35
19 35
20 35
21 35
22 35
23 35
24 35
25 35
26 35
27 35
28 35
29 35
30 35
31 35
32 35
33 35
34 35
35 35
35 34
35 33
35 32
35 31
35 30
35 29
35 28
35 27
35 26
35 25
35 24
35 23
35 22
34 22
33 22
32 22
31 22
30 22
30 21
30 20
30 19
30 18
30 17
30 16
30 15
29 15
28 15
27 15
26 15
25 15
47
5 35
5 34
5 33
5 32
5 31
5 30
5 29
5 28
5 27
5 26
5 25
5 24
5 23
5 22
5 21
5 20
5 19
5 18
5 17
5 16
5 15
5 14
5 13
5 12
6 12
7 12
8 12
9 12
10 12
11 12
12 12
13 12
14 12
15 12
16 12
17 12
18 12
19 12
20 12
21 12
22 12
22 13
22 14
22 15
23 15
24 15
25 15
47
5 35
5 34
5 33
5 32
5 31
5 30
5 29
5 28
5 27
5 26
5 25
5 24
5 23
5 22
5 21
5 20
5 19
5 18
6 18
7 18
8 18
9 18
10 18
10 17
10 16
10 15
10 14
10 13
10 12
11 12
12 12
13 12
14 12
15 12
16 12
17 12
18 12
19 12
20 12
21 12
22 12
22 13
22 14
22 15
23 15
24 15
25 15
67
5 35
6 35
7 35
8 35
9 35
10 35
11 35
12 35
13 35
14 35
15 35
16 35
17 35
18 35
19 35
20 35
21 35
22 35
23 35
24 35
25 35
26 35
27 35
28 35
29 35
30 35
31 35
32 35
33 35
34 35
35 35
35 34
35 33
35 32
35 31
35 30
35 29
35 28
35 27
35 26
35 25
35 24
35 23
35 22
35 21
35 20
35 19
35 18
35 17
35 16
35 15
35 14
35 13
35 12
34 12
33 12
32 12
31 12
30 12
30 13
30 14
30 15
29 15
28 15
27 15
26 15
25 15
47
5 35
5 34
5 33
5 32
5 31
5 30
6 30
7 30
8 30
9 30
10 30
10 29
10 28
10 27
10 26
10 25
10 24
10 23
10 22
10 21
10 20
10 19
10 18
10 17
10 16
10 15
10 14
10 13
10 12
11 12
12 12
13 12
14 12
15 12
16 12
17 12
18 12
19 12
20 12
21 12
22 12
22 13
22 14
22 15
23 15
24 15
25 15
