5
31
10 30
11 30
12 30
12 29
12 28
12 27
12 26
12 25
12 24
12 23
12 22
12 21
12 20
12 19
12 18
12 17
13 17
14 17
15 17
16 17
17 17
18 17
19 17
20 17
21 17
22 17
23 17
24 17
25 17
25 16
25 15
31
10 30
10 29
10 28
10 27
10 26
10 25
10 24
10 23
10 22
10 21
10 20
10 19
10 18
10 17
11 17
12 17
13 17
14 17
15 17
16 17
17 17
18 17
19 17
20 17
21 17
22 17
23 17
24 17
25 17
25 16
25 15
41
10 30
10 29
10 28
10 27
10 26
10 25
10 24
10 23
10 22
10 21
10 20
10 19
10 18
10 17
10 16
10 15
10 14
10 13
10 12
10 11
10 10
11 10
12 10
13 10
14 10
15 10
16 10
17 10
18 10
19 10
20 10
21 10
21 11
21 12
21 13
21 14
21 15
22 15
23 15
24 15
25 15
51
10 30
10 29
10 28
10 27
10 26
10 25
9 25
8 25
7 25
6 25
5 25
5 24
5 23
5 22
5 21
5 20
5 19
5 18
5 17
5 16
5 15
5 14
5 13
6 13
7 13
8 13
9 13
10 13
10 12
10 11
10 10
11 10
12 10
13 10
14 10
15 10
16 10
17 10
18 10
19 10
20 10
21 10
21 11
21 12
21 13
21 14
21 15
22 15
23 15
24 15
25 15
41
10 30
11 30
12 30
13 30
14 30
15 30
16 30
17 30
18 30
19 30
20 30
21 30
22 30
23 30
24 30
25 30
26 30
27 30
28 30
29 30
30 30
30 29
30 28
30 27
30 26
30 25
30 24
30 23
30 22
30 21
30 20
30 19
30 18
30 17
29 17
28 17
27 17
26 17
25 17
25 16
25 15
